"giorno della settimana" "h 0" "h 1" "h 2" "h 3" "h 4" "h 5" "h 6" "h 7" "h 8" "h 9" "h 10" "h 11" "h 12" "h 13" "h 14" "h 15" "h 16" "h 17" "h 18" "h 19" "h 20" "h 21" "h 22" "h 23"
"1" "martedì" 1.628 0.78 2.314 2.595 3.715 3.388 3.395 4.782 3.457 4.443 4.184 3.202 6.101 4.459 5.433 4.468 5.92 5.304 5.513 2.361 1.606 3.057 1.634 2.294
"2" "mercoledì" 1.27 0.816 3.341 3.041 2.505 4.522 2.162 4.466 4.427 4.453 5.395 6.406 3.77 4.936 5.587 5.635 3.775 4.724 -0.088 3.112 2.18 2.809 2.107 2.656
"3" "giovedì" 4.537 2.746 -0.142 3.098 1.99 3.512 5.211 5.387 3.405 3.82 3.959 5.84 4.793 4.34 5.225 3.795 1.851 4.874 3.621 3.427 2.669 2.555 1.99 2.676
"4" "venerdì" 2.289 0.682 2.159 2.185 2.287 2.013 2.564 3.387 4.375 4.983 2.255 4.024 6.177 5.77 6.045 3.738 3.643 3.065 4.701 4.459 3.749 3.032 2.276 3.48
"5" "sabato" 2.2 3.347 1.348 2.145 3.243 5.501 1.684 4.144 3.2 3.319 4.696 4.355 5.584 5.058 5.368 3.53 2.784 1.845 2.243 4.841 3.713 1.764 1.928 1.189
"6" "domenica" 1.58 0.862 0.792 2.681 1.756 2.692 4.814 5.16 5.122 5.334 3.06 6.426 4.072 4.431 5.208 3.092 6.022 2.772 3.596 3.226 1.708 2.281 2.697 0.728
"7" "lunedì" 2.443 1.117 2.105 4.832 3.901 3.192 4.134 2.262 4.96 5.547 5.685 3.609 4.078 3.301 6.301 6.47 5.034 4.857 4.202 2.638 3.391 2.644 2.363 3.051
"8" "martedì" 1.44 2.478 2.473 2.51 2.711 3.232 4.406 4.794 3.762 4.646 6.71 6.059 5.273 5.147 4.697 3.585 2.851 3.348 2.428 3.653 2.859 3.233 2.995 -0.562
"9" "mercoledì" 1.707 2.184 3.189 3.3 4.399 3.676 1.857 3.823 5.252 4.476 5.091 4.286 5.111 6.617 4.432 5.765 4.256 3.04 2.875 4.326 2.104 2.976 2.619 3.306
"10" "giovedì" 2.162 2.546 1.037 1.763 4.232 2.683 3.791 4.263 4.584 3.213 5.93 5.445 4.881 4.631 4.166 4.265 4.276 5.337 2.881 4.056 1.718 3.085 1.437 0.458
"11" "venerdì" 0.863 3.435 3.495 2.961 3.552 5.04 4.76 4.15 3.936 5.246 4.8 5.817 5.375 4.824 3.304 5.786 3.978 3.968 3.875 2.305 1.006 2.46 1.758 1.958
"12" "sabato" 1.251 1.437 0.192 1.281 2.137 4.03 4.461 3.069 4.345 4.476 4.243 4.593 6.045 4.167 3.054 5.057 3.341 3.67 2.855 3.173 2.787 2.631 2.813 3.709
"13" "domenica" 2.882 1.987 0.042 2.286 3.006 2.919 3.193 2.783 5.032 5.196 4.565 3.705 5.044 3.121 3.684 2.539 5.773 3.81 3.265 3.004 3.778 3.431 2.72 1.526
"14" "lunedì" 0.607 3.827 2.335 2.818 3.137 2.824 2.58 4.326 5.598 3.502 3.16 4.112 6.036 5.584 5.174 3.458 4.728 3.795 1.008 5.214 2.299 1.214 1.351 -0.111
"15" "martedì" 1.909 2.682 1.146 4.215 3.314 2.916 3.518 2.754 5.064 4.245 5.35 4.233 4.477 5.453 5.066 5.447 4.356 3.912 3.161 3.673 1.76 0.927 1.886 2.507
"16" "mercoledì" 3.776 2.038 2.953 2.637 2.348 3.87 4.095 2.113 5.27 4.147 2.439 5.562 3.383 3.636 4.023 5.77 4.751 1.634 3.781 2.843 3.07 1.038 2.552 2.376
"17" "giovedì" 0.953 2.505 1.613 1.654 3.556 3.923 4.074 2.804 4.506 5.233 5.452 4.264 5.145 3.352 5.297 4.992 5.363 3.577 3.903 2.298 3.648 -0.438 2.959 2.563
"18" "venerdì" 1.425 0.925 3.404 3.229 4.191 4.26 4.498 4.39 3.384 2.744 4.16 6.008 5.728 5.158 5.187 4.472 4.013 4.393 3.286 3.666 0.29 3.268 2.244 1.703
"19" "sabato" 1.61 2.371 3.728 2.372 2.916 1.821 3.947 3.915 3.938 2.7 3.181 4.195 4.819 3.285 5.8 3.474 3.749 3.36 3.528 2.313 3.226 3.441 2.111 3.294
"20" "domenica" 2.62 1.685 2.026 2.889 3.113 3.062 3.355 3.808 1.777 2.296 4.137 4.38 5.592 4.586 4.953 3.367 5.298 3.097 3.957 4.113 1.597 2.413 2.894 2.553
"21" "lunedì" 2.314 2.938 1.552 2.363 2.617 2.543 2.348 4.32 6.252 4.775 5.94 6.204 4.336 4.153 4.059 3.866 5.385 3.736 4.518 2.973 3.963 3.221 1.779 1.648
"22" "martedì" 2.123 3.446 0.991 3.463 3.652 2.333 4.516 4.286 5.032 5.343 5.468 5.661 4.151 6.223 4.102 3.526 2.964 4.88 4.376 3.947 2.976 2.274 3.284 1.046
"23" "mercoledì" 1.472 1.443 2.232 0.418 2.15 3.003 2.728 3.459 3.038 3.548 5.817 4.503 5.961 4.02 5.334 4.159 4.435 4.399 2.619 2.562 2.968 3.241 2.483 1.392
"24" "giovedì" 3.743 1.692 1.849 4.596 2.381 2.236 4.087 2.701 4.068 4.884 6.238 4.898 5.883 6.279 4.832 5.505 1.637 2.738 3.936 2.216 3.958 3.632 1.763 1.265
"25" "venerdì" 1.786 1.51 2.573 2.064 3.359 4.046 2.447 3.048 3.857 4.003 6.087 6.261 5.941 4.002 4.537 5.523 4.995 5.107 3.874 2.975 3.226 2.702 3.056 1.8
"26" "sabato" 1.896 2.224 2.103 2.821 3.008 2.673 4.9 5.503 2.802 5.491 4.724 5.026 5.754 5.77 2.747 4.262 5.1 0.767 4.409 4.674 3.59 1.541 2.549 2.333
"27" "domenica" 3.026 0.785 1.781 2.668 3.308 3.356 3.19 2.712 6.537 3.107 5.025 5.179 4.147 4.205 4.872 3.902 2.802 4.071 2.192 2.765 2.774 3.315 1.949 1.569
"28" "lunedì" 2.193 2.455 2.61 1.42 0.901 4.703 4.171 4.712 4.55 3.782 5.318 4.261 5.13 4.93 4.552 4.085 3.166 5.924 2.698 1.919 3.299 2.136 1.168 1.429
